function y = gradPhi(u,w,Uo,Wo)

y(1) = -2.1*10^5*(15.43)^2*(-u/2500+(25/2500)*(w/2500)+0.5*(w/2500)^2)-Uo;

y(2) = 4*w+(((25+w)*2.1*10^5*(15.43)^2)/2500)*(-u/2500+(25/2500)*(w/2500)+0.5*(w/2500)^2)+Wo;

y = y';
end
