function H = hesPhi(u,w)

H(1,1) = (2.1*10^5*(15.43)^2)/2500;
H(2,2) = 4 - (2.1*10^5*15.43^2*u)/2500^2 + (25^2*2.1*10^5*15.43^2)/2500^3 + (2*25*w*2.1*10^5*15.43^2)/2500^3 + (2.1*10^5*15.43^2*w*25)/2500^3 + (3*2.1*10^5*15.43^2*w^2)/(2*2500^3);
H(1,2) = -((2.1)*10^5*(15.43)^2*(25))/(2500)^2 - ((2.1)*10^5*(15.43)^2*w)/2500^2 ;
H(2,1) = H(1,2);

end



